class Solution {
    public int smallestDistancePair(int[] nums, int k) {
		// 记录绝对差值
		int n = nums.length;
		int[] abs = new int[(n * (n - 1) / 2)];

		int num = 0;

		for (int i = 0; i < nums.length - 1; i++) {
			for (int j = i + 1; j < nums.length; j++) {
				abs[num++] = Math.abs(nums[i] - nums[j]);
			}
		}

		System.out.println(Arrays.toString(abs));
		Arrays.sort(abs);

		System.out.println(Arrays.toString(abs));

		return abs[k -1];

	}
}

//runtime:N/A
//memory:N/A
//total_testcases:19
//total_correct:16
//input_formatted:[1,2,0,2,1,0,1,1,0,2,2,0,2,0,1,1,1,0,1,0,1,1,2,2,2,2,0,0,2,1,2,1,2,0,0,0,1,0,0,1,0,2,1,1,1,1,0,2,2,1,0,2,0,2,2,2,1,0,2,2,2,2,0,0,1,0,1,1,2,1,2,2,1,1,0,2,0,1,0,1,1,2,0,1,1,1,1,2,0,2,2,0,0,1,1,1,1,2,1,2,2,1,2,0,1,2,2,1,1,2,1,0,1,1,1,0,0,1,2,0,2,1,0,1,2,0,2,2,1,0,0,2,0,1,1,0,1,0,1,0,1,2,2,2,0,1,1,1,1,1,0,2,2,2,1,0,1,0,1,0,0,0,0,2,0,0,1,1,2,0,2,1,2,0,0,1,0,1,2,1,0,1,1,1,1,0,0,2,2,1,1,0,0,0,0,1,2,2,1,1,0,1,2,0,0,2,1,2,1,2,0,2,1,1,2,2,2,2,2,0,1,1,0,1,2,2,0,2,2,2,0,2,0,1,1,2,2,0,2,2,2,2,2,2,1,0,2,2,2,0,2,0,2,0,2,1,0,1,0,1,1,0,2,0,1,0,0,2,0,0,0,2,0,2,2,0,2,0,0,1,1,0,2,0,1,2,2,0,1,1,2,0,0,0,2,1,0,1,0,2,1,2,0,1,2,1,1,1,0,1,2,1,2,2,1,2,0,2,1,0,1,1,1,2,0,2,2,2,2,1,0,2,2,1,1,1,1,0,1,2,2,0,1,2,2,1,0,0,1,2,1,0,2,1,1,1,0,0,0,1,1,1,0,2,0,2,0,1,2,2,0,2,1,2,2,0,0,0,0,2,1,1,2,0,2,0,1,0,1,0,2,0,0,0,2,1,2,0,1,2,1,2,1,0,1,0,1,0,0,1,2,1,1,2,1,1,2,2,1,0,1,1,2,2,1,2,2,2,1,0,1,1,1,0,0,0,2,1,1,1,2,2,1,2,0,2,1,2,0,2,2,2,1,1,2,2,0,0,2,2,2,1,2,2,1,0,2,0,2,0,2,1,2,2,1,1,1,1,1,0,0,1,0,2,2,0,0,2,1,0,1,0,2,1,0,0,0,0,1,2,1,2,0,0,1,1,2,2,2,2,0,2,1,0,0,0,2,0,1,1,0,2,1,1,1,2,1,0,0,1,0,1,0,1,2,0,2,1,0,0,1,2,1,1,0,0,0,2,2,2,1,1,2,2,0,1,0,2,2,2,0,1,0,0,1,0,0,1,1,1,1,1,1,2,1,2,0,2,0,2,1,2,2,2,0,1,0,1,2,0,2,2,1,2,0,1,2,2,0,1,1,0,1,1,0,0,0,1,2,1,0,0,2,0,1,0,2,2,0,1,0,0,0,1,0,0,0,2,1,1,1,1,1,0,1,1,0,1,0,1,0,2,2,0,2,2,0,0,1,2,0,1,1,1,2,0,0,0,2,0,2,2,2,2,1,0,2,2,0,0,1,1,2,2,2,1,1,2,0,1,0,0,1,0,1,2,0,1,2,0,1,1,1,1,2,0,1,0,1,2,2,0,0,2,0,1,2,1,2,1,0,0,1,0,0,1,2,0,1,0,0,0,0,2,0,1,0,1,2,0,1,2,0,0,0,0,1,1,2,0,0,0,2,1,1,0,0,2,2,1,0,0,1,0,1,0,1,1,0,2,0,1,1,2,2,1,1,0,2,0,0,1,0,1,2,2,1,2,2,2,2,2,1,2,0,0,0,1,1,0,0,2,1,0,1,0,2,2,0,1,2,2,2,0,0,0,2,2,1,2,1,0,0,0,1,1,2,1,2,0,1,2,1,0,1,2,0,1,2,1,2,1,1,1,2,2,1,0,1,0,2,1,2,0,2,0,0,0,1,2,1,0,0,0,1,2,0,2,2,2,1,0,2,2,1,1,2,0,0,1,2,2,2,1,2,1,2,1,0,2,2,0,0,0,2,0,1,0,1,0,2,2,2,2,0,1,1,1,1,0,1,0,0,1,2,0,1,0,0,2,0,1,1,1,1,2,0,1,1,2,0,2,1,2,1,1,0,1,1,2,1,2,0,1,0,0,0,1,0,2,0,0,2,0,0,1,0,1,2,2,1,2,0,2,2,2,0,2,0,2,1,0,0,0,0,0,0,1,0,2,0,1,1,0,2,1,2,1,1,0,2,1,2,0,1,1,1,0,1,0,1,0,0,1,1,0,1,1,0,2,2,1,1,0,1,0,0,0,2,2,2,0,1,2,1,2,0,2,1,0,0,1,2,2,1,0,1,2,0,0,2,1,1,2,0,0,1,0,2,2,2,2,0,1,0,0,0,1,1,0,2,0,2,0,2,2,2,0,2,0,0,2,1,0,2,2,2,1,2,0,2,2,0,2,1,2,2,0,1,0,2,0,1,1,2,2,2,2,0,0,0,0,2,2,2,2,1,0,2,0,2,0,1,0,1,1,2,2,1,2,1,2,0,1,2,2,2,0,1,0,1,0,1,0,1,0,1,2,2,0,2,2,2,0,1,0,2,1,1,1,0,0,0,0,0,2,0,1,0,2,0,0,2,2,2,2,1,2,2,1,2,0,1,0,1,1,0,0,2,2,1,2,2,1,0,0,0,0,0,0,1,1,0,1,0,2,0,1,0,2,2,2,0,1,0,2,1,2,2,0,2,1,1,1,1,1,1,2,2,1,0,1,2,1,1,0,0,1,0,2,0,2,2,2,2,1,2,2,2,2,1,2,2,1,1,1,0,1,2,2,0,0,2,1,0,2,1,0,2,2,0,2,1,0,2,1,0,0,0,0,2,0,1,0,2,0,1,2,2,0,1,0,1,1,1,2,1,0,0,0,0,0,2,0,1,1,1,0,1,2,2,1,2,2,0,2,2,0,0,0,2,2,2,1,1,2,1,2,1,2,1,1,0,0,2,0,2,0,1,1,0,0,2,1,0,0,1,2,0,1,0,2,1,1,1,1,2,2,0,2,2,0,1,1,2,2,0,2,0,1,0,2,0,2,2,2,1,2,2,0,1,1,2,2,1,2,2,2,2,2,2,0,0,1,1,0,0,1,0,0,0,2,1,2,1,2,2,1,1,0,2,1,0,0,1,2,2,1,1,1,1,0,0,0,2,0,0,2,1,1,2,2,2,1,2,1,0,1,2,1,2,2,1,1,0,0,0,1,1,1,0,0,1,1,1,2,2,1,2,1,0,2,0,1,0,0,2,0,0,0,2,1,0,2,0,2,1,1,2,0,1,1,0,2,0,1,2,2,0,0,2,0,1,1,0,2,2,1,0,0,0,2,0,1,0,0,0,2,0,2,2,1,0,1,2,2,2,2,1,1,2,2,2,0,1,2,0,2,1,2,1,0,2,0,1,0,0,2,1,0,0,0,2,0,0,1,2,2,0,0,1,0,1,1,2,2,2,0,2,1,0,2,0,1,2,1,0,1,1,1,2,1,0,0,0,2,1,0,2,2,0,1,0,2,0,2,2,2,0,1,2,2,2,1,0,0,1,0,0,0,1,1,0,1,2,2,2,0,1,0,0,1,2,2,2,0,1,1,1,2,0,2,1,1,2,2,1,0,1,2,0,2,1,1,0,1,1,2,0,1,0,2,1,2,0,2,2,2,2,0,2,0,2,1,0,1,0,2,1,0,0,0,2,0,0,0,1,0,2,1,0,0,0,0,0,2,1,0,0,0,2,1,2,0,0,0,2,2,2,2,1,1,1,0,1,2,2,0,0,1,1,0,2,0,2,1,2,0,0,2,1,0,0,0,2,2,0,1,1,0,0,0,0,1,0,1,1,2,1,2,1,2,0,1,1,2,0,0,2,1,0,0,2,0,1,2,1,1,2,2,2,1,2,2,0,1,2,0,1,2,1,2,0,2,1,0,2,1,1,2,0,2,0,1,2,2,1,2,1,1,1,1,2,1,2,1,2,0,1,1,1,2,0,1,2,1,1,0,2,1,0,2,0,0,0,2,1,0,1,2,0,1,0,1,1,0,0,1,0,2,0,0,0,0,2,2,0,1,1,2,1,2,2,1,0,1,1,2,2,0,1,0,1,0,2,1,0,2,0,2,2,1,1,1,1,2,2,2,2,0,1,1,0,2,0,1,2,1,2,0,0,2,2,1,2,2,1,1,0,0,0,0,2,1,0,2,2,0,1,2,2,2,1,1,2,2,2,2,2,2,2,2,2,0,0,1,2,2,0,2,0,1,2,2,1,0,2,2,0,0,0,2,0,0,0,1,2,1,0,2,2,1,2,0,0,2,2,2,1,1,1,2,0,0,2,0,0,2,1,2,2,2,1,0,0,1,1,1,0,0,2,0,1,1,0,0,0,1,0,2,0,0,1,1,2,0,2,0,2,0,1,0,0,1,1,0,1,0,1,1,0,2,1,0,1,0,1,2,0,0,1,2,0,2,1,0,1,1,2,0,2,2,1,1,2,2,1,1,0,2,2,2,2,1,2,0,2,0,2,2,1,1,0,1,0,0,1,2,2,1,1,1,0,1,0,1,2,0,2,1,2,2,0,2,2,0,1,1,0,0,1,1,1,1,1,0,1,2,0,2,2,0,1,2,2,1,1,2,0,1,1,1,2,0,2,1,1,2,1,1,1,1,2,1,0,1,2,0,1,1,1,0,2,1,2,0,0,2,1,0,1,0,2,2,2,1,1,1,2,2,0,2,1,0,2,2,2,2,2,2,0,0,1,2,2,2,0,0,2,0,2,2,2,2,2,2,2,0,2,1,1,2,0,2,2,0,2,1,0,0,1,1,1,1,2,1,2,0,2,0,0,0,2,2,0,0,2,1,2,1,0,1,0,2,0,1,2,0,1,2,0,1,1,1,1,0,2,2,1,0,2,1,0,2,0,1,0,0,2,1,0,1,0,2,2,2,1,2,2,0,2,1,0,2,0,2,1,1,2,0,1,2,0,0,1,1,1,0,2,0,0,2,2,0,0,2,2,1,0,1,2,1,1,2,1,0,0,1,0,0,0,0,0,1,2,2,2,1,1,2,0,1,2,1,2,1,1,1,1,1,0,2,1,1,1,0,2,0,0,0,2,1,0,1,2,0,1,1,2,1,1,2,2,0,2,0,2,0,2,0,2,2,0,0,1,0,2,0,0,0,0,0,1,0,2,1,1,0,1,2,2,1,0,2,2,1,2,0,1,2,2,2,0,1,0,0,1,0,2,1,0,1,1,1,1,2,1,2,0,1,2,2,2,2,2,0,1,0,2,2,0,0,0,0,1,2,1,1,1,1,0,1,0,0,0,0,2,2,2,0,0,0,1,2,2,2,2,2,2,2,1,2,1,1,1,2,0,1,1,2,0,0,1,2,0,2,0,2,2,1,2,2,2,2,2,1,1,2,1,1,1,2,0,1,2,2,1,1,0,2,1,2,1,1,1,0,2,1,0,0,2,2,2,1,0,1,2,1,2,1,1,0,0,0,2,1,0,1,0,0,1,2,0,0,2,0,0,0,1,0,1,0,1,0,1,0,1,1,1,0,2,2,0,0,0,1,2,0,1,1,1,1,2,1,1,0,1,1,1,0,1,1,2,1,2,2,1,2,2,2,1,1,0,2,1,0,2,0,1,1,0,1,2,1,1,0,2,0,0,1,0,0,1,0,0,1,2,2,0,1,2,1,2,2,2,2,0,2,1,1,0,0,0,1,1,2,2,0,0,0,1,2,0,1,2,0,1,2,1,1,2,1,2,2,0,1,2,2,1,2,0,1,1,0,0,0,0,1,2,2,2,0,1,0,1,0,2,1,1,0,2,1,2,1,2,0,2,0,0,1,2,0,1,0,0,0,1,1,1,2,1,1,1,0,1,2,0,0,0,1,0,2,0,2,0,1,1,1,0,0,0,2,0,1,2,0,1,0,1,1,0,1,0,1,1,2,1,1,2,2,1,1,1,0,1,0,1,1,2,1,2,2,1,1,2,2,2,1,1,1,1,1,1,2,1,1,0,2,1,0,0,1,1,1,0,2,2,0,0,1,1,2,2,1,2,2,2,0,0,2,2,2,0,1,0,2,1,0,0,2,0,0,1,2,1,2,1,2,0,0,1,0,2,0,0,2,0,1,1,2,2,0,1,0,1,1,1,2,2,1,1,1,2,0,1,2,0,1,1,1,0,1,0,2,2,0,2,1,0,0,1,2,0,0,1,0,1,0,2,2,1,0,1,2,2,0,2,2,0,0,1,1,1,2,1,2,2,2,0,1,0,0,0,1,0,0,0,1,1,0,2,1,0,2,1,2,0,2,0,2,2,0,2,2,0,1,0,0,2,0,2,2,1,0,2,0,2,2,1,1,2,2,2,1,0,0,1,2,1,0,1,0,2,2,1,2,1,2,0,1,0,1,2,2,1,0,2,0,2,1,0,1,2,0,0,2,2,1,1,0,0,1,2,0,2,2,1,2,1,0,1,1,0,0,2,2,2,2,2,0,1,0,1,1,1,0,1,2,1,0,2,2,0,1,1,2,0,2,2,0,2,1,1,2,2,2,1,1,0,1,0,2,2,2,2,0,2,2,1,0,0,1,1,0,1,2,1,0,0,0,2,2,0,2,0,1,2,2,1,1,1,2,0,2,0,0,1,2,0,1,1,0,1,1,1,2,0,0,0,2,1,0,2,1,2,1,0,1,1,2,2,0,1,0,2,2,2,1,1,0,1,2,1,2,0,0,0,0,1,1,1,1,0,2,1,0,0,2,0,2,0,1,1,0,0,1,2,0,2,2,2,1,1,0,0,0,0,1,0,1,2,2,2,0,1,0,1,1,0,0,1,0,0,1,1,2,2,0,0,2,2,0,0,0,2,2,2,2,1,1,2,2,2,0,0,2,0,1,2,2,2,2,0,0,2,0,2,2,2,0,2,1,1,1,1,0,2,0,2,0,0,1,2,2,1,0,2,0,1,2,2,1,2,0,0,2,0,0,1,1,1,0,2,0,2,2,2,2,1,2,2,0,1,2,2,2,0,0,0,1,0,1,2,0,0,0,0,1,2,0,0,2,2,0,1,1,2,2,2,2,0,0,0,1,0,1,0,1,1,0,0,0,2,2,0,0,1,1,0,2,2,1,1,0,2,0,2,1,0,1,2,1,1,2,1,0,0,1,2,1,1,2,2,0,1,2,0,0,0,1,1,2,0,2,1,2,0,1,0,0,0,2,0,1,1,2,2,2,0,0,0,2,2,1,0,2,1,0,0,2,1,1,2,0,2,0,2,0,1,2,2,0,0,0,2,2,1,1,1,0,0,1,1,0,0,0,2,1,1,0,1,0,2,0,1,0,2,0,2,1,0,1,2,0,0,2,1,1,0,0,1,0,2,1,1,1,2,1,2,2,0,2,2,1,2,2,2,1,0,1,1,1,2,1,1,1,1,0,0,1,1,0,2,2,0,1,1,1,1,2,1,1,0,0,2,2,0,2,1,1,1,1,2,0,2,2,2,0,1,0,1,0,0,1,0,2,0,0,0,2,1,1,2,2,0,1,1,0,0,1,0,2,0,2,2,0,2,2,0,0,1,2,0,1,0,0,0,0,1,2,0,1,1,0,0,2,0,0,2,0,1,1,2,2,1,0,1,0,0,2,2,2,0,0,1,0,2,0,1,2,1,0,1,1,2,2,2,2,0,0,0,2,1,1,2,0,1,1,1,0,0,0,1,0,2,0,2,0,2,0,0,1,0,0,2,0,2,2,2,2,2,1,0,2,0,0,0,0,0,0,2,0,2,0,1,0,2,2,2,1,1,1,0,1,0,1,1,0,2,0,0,1,2,2,1,2,0,0,0,2,2,0,1,1,0,2,0,1,2,1,0,0,0,1,1,1,2,0,1,1,1,2,1,0,2,1,0,1,0,1,2,0,1,2,0,2,0,0,0,2,0,2,2,2,0,1,1,2,0,0,1,1,0,1,1,0,2,0,1,1,2,2,1,0,2,1,2,0,0,0,2,2,2,0,1,1,0,0,1,1,1,1,0,0,2,0,2,2,0,1,0,0,1,1,1,1,1,0,0,2,0,0,2,0,2,2,2,2,1,1,1,2,0,2,1,1,0,0,1,2,1,2,2,2,2,0,0,0,1,1,0,1,0,1,1,1,2,0,2,2,2,0,1,0,1,2,2,0,0,2,0,0,1,0,0,1,2,1,0,1,2,2,1,2,2,1,1,0,2,1,0,1,1,2,1,2,1,0,2,0,1,1,0,0,1,0,2,1,1,1,2,1,0,2,2,1,2,2,1,2,2,2,2,1,1,2,1,0,0,2,2,1,1,2,1,1,1,0,0,0,0,0,0,2,2,1,0,1,0,1,1,2,2,0,1,1,2,2,1,0,2,1,1,1,2,1,2,0,0,2,0,2,0,0,0,0,2,2,2,0,0,0,2,0,2,1,0,2,1,1,0,1,0,0,2,2,1,1,2,0,0,0,1,1,1,1,1,0,2,2,2,2,1,0,0,0,1,0,1,1,0,1,2,2,1,0,1,1,0,2,0,2,2,1,1,1,1,0,0,2,2,1,2,0,0,2,1,0,2,1,2,1,2,1,0,2,2,2,0,0,1,1,0,0,1,1,1,1,2,2,2,1,0,2,0,2,2,2,1,1,1,0,0,1,1,0,1,0,0,2,1,2,0,0,0,1,2,0,1,2,0,1,0,0,0,1,0,1,2,2,1,2,0,1,0,2,1,0,1,2,1,1,1,2,1,0,0,2,1,1,1,0,2,1,2,2,2,2,2,1,1,2,1,2,1,0,1,1,0,1,2,0,1,2,2,2,2,2,1,0,2,2,2,2,0,1,2,1,2,0,0,2,0,0,0,0,0,0,2,0,0,2,0,2,1,1,2,0,1,1,2,0,0,2,2,0,0,2,0,2,2,1,0,1,0,2,0,0,0,0,2,0,1,2,1,0,1,2,0,2,0,2,1,0,0,0,1,2,0,1,1,2,1,1,1,0,0,0,0,0,2,2,0,2,2,2,1,2,1,1,1,2,0,2,1,0,0,0,2,2,1,0,2,0,2,0,1,0,1,0,2,0,1,1,1,1,0,2,0,1,2,1,2,0,2,1,2,1,2,2,2,2,1,2,0,0,2,0,2,2,2,0,1,2,1,0,2,0,2,2,2,0,1,1,0,2,2,2,2,0,1,2,1,2,2,1,2,0,1,2,0,0,0,2,2,1,1,0,0,2,1,1,1,0,1,2,0,1,2,0,0,1,2,0,2,0,0,2,0,2,0,1,1,1,1,1,0,2,1,1,2,2,0,0,1,2,1,2,2,1,0,2,2,2,2,2,0,1,0,0,1,1,2,0,1,2,1,2,0,0,0,2,2,2,1,2,1,1,2,0,0,0,0,1,1,1,0,1,0,2,0,1,1,2,2,0,0,1,2,0,2,2,1,2,0,0,1,0,1,2,2,0,1,2,1,2,1,2,1,2,0,1,1,1,1,1,2,0,2,2,1,2,2,1,1,0,0,1,0,2,0,1,1,1,1,2,2,0,0,1,0,1,0,2,2,2,1,0,2,2,2,0,0,2,2,1,2,2,0,2,0,2,1,0,2,0,0,1,1,1,0,2,0,0,0,1,0,2,1,2,1,2,1,0,1,2,0,2,0,1,2,2,1,0,1,2,1,2,1,0,2,2,2,1,1,1,0,0,1,1,1,1,1,1,2,1,1,1,0,0,2,0,1,2,2,0,1,2,2,2,2,0,2,1,1,2,2,2,2,1,0,1,0,2,2,0,1,0,2,2,0,0,0,0,2,0,2,1,0,1,1,2,2,1,1,2,1,2,2,0,1,1,2,0,0,0,0,2,0,0,1,2,1,2,2,2,1,0,1,1,1,1,0,0,2,0,2,1,0,2,2,1,0,0,2,1,2,2,2,1,0,2,1,0,1,2,2,0,1,2,2,0,0,2,1,2,0,1,0,1,2,1,1,0,1,1,0,0,1,2,0,1,2,2,0,1,0,0,2,2,2,2,2,0,2,0,1,1,2,2,0,0,2,0,0,2,0,1,1,0,1,0,1,2,1,1,2,0,0,0,1,1,1,1,1,2,2,1,0,1,2,2,0,1,2,2,1,1,1,2,1,1,1,2,2,2,0,0,0,0,1,1,0,0,2,2,1,2,0,2,2,0,0,1,1,0,2,1,1,1,0,2,0,0,0,0,0,1,2,1,0,0,0,0,2,2,1,0,2,2,0,1,0,0,1,2,0,0,0,1,0,2,0,2,0,0,2,2,1,1,0,0,2,0,0,2,1,0,2,1,0,1,2,2,1,0,2,0,0,0,0,2,2,2,2,0,1,1,0,1,2,0,0,0,2,0,1,1,1,1,0,0,1,2,1,1,2,2,1,0,1,1,1,1,0,2,0,1,2,2,0,2,0,2,1,1,0,1,0,2,2,2,2,1,1,2,1,1,2,0,0,2,0,0,1,0,0,2,2,0,2,1,2,2,2,2,1,0,1,2,2,1,1,1,1,1,0,1,2,0,0,2,0,0,2,2,1,1,1,0,0,0,2,0,2,0,1,2,2,0,2,2,2,0,1,0,1,2,2,2,1,0,2,1,1,2,0,1,2,2,1,0,2,2,1,2,0,1,2,1,0,2,0,0,2,2,1,1,0,2,0,0,2,2,0,1,0,1,2,0,1,0,1,2,0,0,1,1,1,0,1,1,0,2,2,2,0,1,0,1,1,0,2,1,0,1,0,0,2,0,0,1,2,0,2,1,0,1,0,0,0,0,1,0,1,0,0,2,0,2,0,0,1,1,0,0,2,0,0,2,1,2,1,2,2,1,2,1,0,1,2,0,2,0,1,2,2,0,2,2,1,1,0,0,0,0,1,0,0,1,0,0,2,1,0,1,0,1,0,2,2,2,2,2,1,2,0,1,2,2,1,0,1,2,0,1,1,0,1,2,0,1,2,0,0,2,0,0,2,2,0,0,1,2,2,0,0,1,2,2,1,1,1,2,0,2,0,2,2,1,2,1,1,2,1,1,2,2,2,2,2,0,0,1,2,1,2,0,0,2,0,0,2,1,1,1,2,0,1,2,0,1,1,0,1,1,2,0,2,2,0,1,2,2,2,0,1,2,0,2,2,0,0,1,0,0,0,0,2,0,1,0,0,2,0,0,0,2,1,0,2,0,1,1,1,0,2,0,0,1,0,2,2,1,0,0,1,1,0,1,2,1,1,2,2,2,0,1,0,2,2,2,1,1,2,2,0,1,2,0,0,1,1,2,0,1,2,1,2,1,2,2,1,2,2,0,1,1,2,0,1,0,0,2,0,0,1,0,0,0,2,1,2,2,2,0,0,1,2,0,0,2,1,1,2,0,0,2,1,1,0,0,1,2,2,0,1,2,0,1,0,2,2,1,1,1,0,0,2,2,2,2,0,1,0,2,2,1,2,1,1,1,0,2,2,1,1,2,2,0,2,1,2,2,2,1,1,2,1,0,0,1,1,0,2,1,0,2,2,2,2,0,0,0,1,0,0,0,1,1,1,0,1,0,0,0,2,1,0,2,1,0,0,2,0,2,2,1,2,0,2,1,2,2,1,2,0,0,2,2,0,0,1,0,1,2,1,1,0,2,1,0,1,2,2,2,1,1,2,0,1,1,2,1,2,0,2,1,0,2,1,2,0,0,0,0,0,2,0,2,1,0,0,0,1,2,0,0,2,1,2,0,2,1,2,0,1,1,2,0,0,1,1,0,0,2,0,1,2,1,1,0,1,0,2,2,2,2,1,2,0,2,1,2,2,1,1,1,0,1,2,2,1,2,0,0,0,2,1,1,1,0,2,0,1,0,2,0,0,2,0,2,1,1,1,2,0,1,0,0,2,2,1,0,0,0,2,2,0,2,1,1,0,1,1,2,1,2,2,0,0,1,2,2,2,2,2,1,2,0,1,2,1,0,2,2,2,2,2,1,2,1,2,0,0,1,1,2,2,1,0,1,2,0,2,0,1,2,2,1,2,1,0,0,1,2,0,1,1,0,2,2,2,0,1,2,2,1,0,1,2,1,0,2,2,2,2,0,1,0,2,0,0,0,1,1,2,2,2,0,2,2,2,0,2,1,0,2,1,2,1,2,2,1,0,1,1,2,2,0,1,2,1,2,1,2,2,0,2,0,1,1,0,2,2,2,2,1,0,1,0,0,1,1,2,1,2,1,1,2,1,1,0,2,2,1,1,2,2,1,1,2,2,1,2,2,1,2,1,2,0,1,2,1,0,2,0,2,0,0,0,2,0,0,0,1,2,2,2,2,1,0,2,0,0,1,1,0,0,0,1,0,1,2,2,0,2,1,2,1,2,2,1,0,1,0,2,2,0,2,2,1,1,0,0,1,1,0,2,2,2,0,1,0,1,0,0,1,0,2,1,2,2,0,0,2,0,0,2,0,2,1,1,1,1,0,0,1,0,1,0,1,0,2,2,1,1,2,1,2,0,2,1,0,2,2,0,2,2,0,2,2,2,0,1,2,0,2,2,2,0,1,0,0,2,2,1,1,2,1,2,2,0,2,2,2,2,0,0,0,1,0,2,0,0,2,1,2,0,2,2,2,2,2,2,1,2,0,2,2,2,2,1,1,0,0,1,2,0,2,0,2,0,2,2,0,1,2,1,2,0,2,2,1,2,1,0,0,1,2,1,0,2,2,1,1,1,2,1,1,2,1,0,2,2,0,0,0,2,1,2,2,0,1,0,0,2,1,1,1,0,1,1,2,2,1,1,0,0,1,1,0,2,0,2,1,0,0,1,2,2,1,0,2,2,1,1,0,1,0,0,0,0,1,1,1,1,1,0,2,1,0,2,2,0,2,1,1,0,2,1,1,1,2,2,2,2,2,2,1,1,1,2,0,2,2,2,1,1,1,0,2,1,2,1,0,1,1,0,0,0,2,1,2,2,1,1,2,0,1,0,2,0,0,2,2,1,0,2,1,2,0,2,2,2,2,0,0,0,1,0,2,1,1,0,2,1,2,2,1,2,2,1,0,1,2,2,0,1,0,1,2,2,1,1,1,0,0,0,1,2,2,1,2,2,0,2,2,1,0,0,2,0,1,1,2,1,0,0,0,1,2,0,0,0,0,1,1,1,2,1,2,2,1,2,2,2,1,1,2,2,2,2,1,2,0,0,0,2,0,2,1,2,0,1,1,1,0,0,2,2,1,1,0,1,0,0,1,0,1,0,2,0,2,0,1,2,2,1,2,1,1,1,0,1,0,0,2,0,1,1,2,2,2,1,1,0,1,2,2,2,0,2,2,0,1,1,1,1,1,2,0,0,2,2,2,0,0,0,1,1,2,0,2,1,0,1,1,2,1,1,2,2,2,2,2,2,0,0,2,1,2,2,2,1,2,0,0,2,1,1,0,1,0,2,0,1,2,2,0,0,0,2,0,1,0,1,2,1,0,1,2,2,1,0,0,1,1,0,2,2,0,1,2,1,1,0,1,1,2,1,2,2,1,0,2,0,2,1,0,0,2,2,1,1,0,0,1,1,0,0,2,0,0,2,0,2,0,2,1,1,2,1,0,0,0,0,2,0,0,1,1,2,0,0,2,1,1,2,0,2,1,1,1,2,1,2,1,2,0,1,2,2,2,1,2,2,1,1,2,0,2,1,0,1,2,1,1,0,2,1,2,0,1,1,0,0,0,2,1,0,1,0,0,0,1,2,0,0,1,0,0,2,2,0,2,1,0,0,1,1,2,2,2,0,1,1,0,1,0,2,0,0,0,2,0,1,0,0,0,1,0,2,2,0,1,1,1,1,0,0,2,1,2,0,0,0,1,1,2,2,0,0,0,1,2,1,0,1,1,2,1,1,0,0,2,2,2,0,1,0,0,2,1,0,1,0,0,0,2,1,2,1,0,2,0,0,1,2,2,1,2,1,2,0,0,1,1,0,1,1,1,1,2,2,1,2,0,2,1,0,0,0,2,2,2,0,1,2,1,1,0,1,2,1,0,0,0,2,0,0,1,2,2,0,0,1,0,0,1,0,2,1,0,2,2,2,0,2,1,1,2,0,1,1,1,1,1,1,1,1,0,2,0,2,2,2,2,2,0,2,1,1,0,1,0,0,1,0,0,0,2,1,2,2,2,1,0,1,0,2,2,0,0,0,1,2,0,2,2,1,1,1,0,2,2,0,2,2,0,1,2,2,0,1,1,1,1,2,2,0,2,2,2,2,1,1,0,2,1,0,0,1,1,0,0,0,0,1,0,2,1,2,0,1,0,2,1,2,2,2,2,0,2,1,0,2,0,2,0,2,2,0,0,2,0,2,1,2,2,0,0,1,2,0,1,1,2,0,0,2,0,1,0,0,2,0,1,2,2,1,0,2,2,1,0,1,1,0,1,1,1,0,0,1,0,2,0,2,2,2,2,1,0,2,2,0,2,0,0,0,2,0,0,2,0,2,1,1,2,1,1,0,1,0,1,1,2,0,2,1,0,0,0,2,0,2,0,0,2,1,0,0,0,0,0,1,0,1,1,1,1,1,1,2,0,1,2,1,0,1,0,2,2,2,2,0,2,0,0,0,1,1,0,1,1,0,2,0,2,2,1,0,1,0,1,0,0,1,1,1,1,1,2,1,0,1,2,1,2,2,0,1,0,1,2,0,1,1,2,0,0,2,0,2,0,0,1,2,2,2,0,0,2,0,1,1,2,2,0,0,2,1,1,0,1,1,0,2,0,0,2,2,0,0,2,0,1,2,1,2,0,2,1,1,1,0,2,0,0,2,2,2,2,2,1,2,0,2,1,1,2,2,2,0,0,1,0,0,2,2,2,1,1,1,2,1,2,2,2,0,1,0,0,1,1,0,1,1,2,0,2,1,1,0,1,1,1,0,0,1,1,1,0,1,1,2,0,0,0,2,2,0,0,0,0,2,1,2,1,1,1,2,1,1,0,0,0,0,2,1,2,1,0,1,2,2,0,0,0,2,2,0,0,1,0,0,1,1,2,1,2,1,0,1,1,1,1,2,1,1,2,0,1,2,1,0,2,2,2,0,0,2,2,0,0,2,1,0,0,2,2,1,2,0,0,0,0,2,1,0,1,1,0,2,1,2,1,2,1,2,1,2,2,1,2,0,2,2,2,1,1,1,2,1,2,2,2,1,1,2,1,1,2,1,2,1,2,2,0,2,2,1,2,1,2,2,2,0,0,0,1,1,0,2,1,0,1,1,2,1,0,2,1,0,1,0,0,2,2,1,2,1,0,1,1,0,1,1,2,2,0,0,2,0,0,0,2,0,2,1,1,2,2,1,0,0,2,1,0,2,2,1,1,2,1,2,2,2,2,0,1,1,1,2,0,2,0,0,1,2,0,2,2,0,2,2,0,0,2,1,2,1,1,0,2,2,2,1,2,2,0,0,0,0,2,0,1,1,2,1,1,1,2,2,1,0,1,1,1,1,0,1,1,2,1,0,2,0,2,0,1,2,2,0,1,1,2,1,2,0,2,1,0,1,0,1,2,1,2,0,2,1,2,1,0,1,1,1,0,1,0,0,2,0,0,2,2,0,0,2,0,2,2,0,0,2,2,0,2,1,2,0,1,0,2,1,1,2,1,2,0,2,1,2,1,1,2,2,1,0,1,0,1,1,1,1,0,0,0,2,0,0,0,0,0,2,1,2,0,1,1,2,0,2,2,0,2,0,1,1,1,0,0,2,1,1,2,0,1,2,0,0,2,0,0,2,0,1,2,2,2,2,2,0,1,0,2,2,1,1,2,2,2,1,0,2,2,2,2,1,0,0,2,2,1,1,1,1,1,1,2,2,0,2,2,1,1,2,0,1,0,1,2,2,0,2,2,2,0,2,1,1,1,2,0,0,0,1,2,0,1,0,1,0,1,1,2,2,1,0,0,2,0,1,2,0,0,1,2,1,1,2,2,1,0,0,0,0,2,2,0,2,0,0,1,0,2,0,2,1,1,1,0,2,2,0,0,0,1,0,1,0,1,0,2,1,2,0,1,2,2,0,0,0,0,0,0,2,0,2,1,0,2,1,1,1,2,0,1,1,2,1,0,1,2,0,2,1,2,0,0,1,1,0,1,1,2,0,2,2,0,2,1,0,0,2,2,0,2,1,2,1,1,1,1,2,2,0,1,2,2,0,2,1,1,1,2,0,0,1,0,0,0,2,1,1,0,0,0,1,0,0,2,2,0,1,1,0,2,1,2,2,0,0,2,2,0,0,2,2,0,0,1,1,1,0,0,0,1,2,0,0,0,1,0,1,2,2,2,1,1,1,1,0,2,2,1,1,1,0,2,0,2,0,2,1,2,2,1,2,1,0,1,1,2,1,2,2,1,0,1,1,0,1,2,1,0,0,0,0,0,2,1,2,0,2,0,1,0,2,1,0,0,2,0,1,2,0,2,2,1,1,1,0,0,2,0,1,1,1,1,2,0,1,1,0,0,2,0,0,1,1,0,0,0,0,1,1,1,0,1,2,1,2,1,1,2,2,2,1,1,0,2,2,0,2,2,2,0,2,0,1,1,0,1,2,1,2,1,1,2,0,0,1,2,1,1,0,1,2,1,2,2,1,2,1,1,0,2,2,1,0,2,0,1,2,1,1,2,0,1,2,2,1,2,0,1,2,1,1,2,0,2,1,1,0,2,2,2,0,2,0,1,1,0,0,1,0,1,2,2,1,1,0,1,1,1,1,1,2,2,0,2,1,1,1,1,0,1,0,1,1,0,0,1,0,1,2,2,1,2,0,1,2,1,0,0,0,1,0,0,1,2,1,1,0,2,0,0,0,0,0,1,0,1,2,1,2,2,2,0,2,1,1,2,2,1,0,1,0,0,1,1,2,1,2,0,1,2,2,2,0,2,2,0,0,2,1,2,1,2,1,0,2,2,0,0,1,0,1,1,0,0,0,0,0,2,2,2,0,1,2,0,1,1,2,1,0,1,2,0,2,2,2,1,2,2,1,1,2,0,2,1,1,0,2,1,1,1,2,1,2,1,1,2,1,2,2,1,0,0,2,0,0,1,0,2,0,2,0,2,1,0,1,2,1,0,1,2,1,1,0,2,2,1,2,1,1,0,2,2,2,2,0,2,1,0,2,1,2,2,0,1,1,1,0,1,2,1,2,0,1,2,2,0,2,2,2,0,1,1,0,2,1,0,0,2,1,0,1,0,0,1,1,1,1,2,0,1,0,1,1,2,2,2,0,0,2,1,1,1,2,2,0,0,0,0,2,0,1,1,1,2,0,0,1,1,1,2,0,0,1,0,2,0,0,2,2,1,2,1,1,2,2,2,2,1,2,2,1,2,1,1,0,1,1,1,1,2,1,1,2,2,2,1,1,1,0,0,0,0,0,1,1,2,1,1,0,1,1,2,2,0,1,2,2,1,2,1,0,1,2,1,0,2,1,1,1,2,2,1,1,0,0,0,1,1,2,1,0,2,1,0,1,2,1,1,1,1,2,2,0,2,1,1,1,1,2,0,0,1,1,2,1,2,0,2,1,0,0,0,0,1,2,0,1,2,0,0,1,1,1,2,2,2,2,2,1,2,0,0,1,0,0,2,0,1,0,2,0,1,2,1,1,1,1,2,0,2,0,2,0,0,1,2,2,1,1,1,1,1,2,1,2,0,0,2,1,2,1,1,1,2,2,2,1,2,0,2,1,2,1,2,1,2,1,2,2,2,2,1,1,2,0,0,0,2,0,2,2,0,1,0,1,2,1,1,0,0,1,1,2,2,0,1,1,2,2,1,2,0,1,2,1,0,2,2,1,0,1,0,1,1,0,2,2,2,1,2,0,2,2,2,2,2,1,0,1,1,2,1,2,1,2,0,0,0,0,2,0,2,2,1,1,1,1,2,2,0,0,0,2,0,2,1,0,0,1,0,1,2,1,0,1,0,2,0,2,0,0,2,2,0,0,1,2,1,0,1,0,2,1,0,2,2,2,2,2,2,0,0,1,2,2,2,2,0,1,0,2,1,2,2,2,0,2,2,2,1,1,2,2,1,0,0,1,1,2,1,0,0,0,0,0,2,0,0,0,1,0,2,0,2,2,1,2,2,2,0,0,2,1,1,2,1,2,2,0,0,2,2,2,2,0,0,0,0,0,0,2,0,2,2,1,0,0,1,0,2,2,1,0,2,2,0,1,0,2,1,0,0,2,0,0,2,1,2,2,2,0,0,1,0,0,2,0,2,1,2,2,2,1,1,1,2,1,2,2,2,2,0,1,0,2,1,2,0,2,1,0,2,0,1,1,0,1,1,2,2,0,0,2,1,0,2,0,2,1,2,2,1,2,1,2,1,2,2,2,0,2,1,2,2,1,0,2,0,0,1,0,2,0,1,1,1,2,2,2,2,2,0,1,1,1,1,2,1,0,0,2,2,1,2,2,2,0,1,2,1,1,1,2,2,0,1,1,2,2,0,0,0,0,0,2,1,0,1,0,0,0,0,1,2,1,1,0,2,1,2,1,0,0,0,0,1,2,1,0,0,0,0,1,2,0,0,1,2,2,1,2,2,2,2,0,0,0,2,0,0,2,0,2,1,1,1,0,0,0,2,1,0,2,1,0,2,0,2,2,0,0,0,0,2,1,1,1,0,1,2,2,1,0,0,0,1,1,0,0,1,0,2,1,2,1,1,2,2,2,2,2,2,1,0,2,2,2,1,2,1,2,1,0,2,1,0,1,1,1,1,0,0,2,1,0,1,0,1,0,1,1,1,1,1,2,0,0,2,0,1,1,0,1,1,1,2,1,0,0,1,2,0,1,1,0,2,1,1,2,1,0,1,2,0,1,1,0,1,1,0,2,2,1,0,1,1,0,0,0,2,2,2,1,0,2,0,1,0,2,2,1,2,0,0,1,2,1,0,1,0,1,2,2,2,2,1,2,1,0,2,1,2,2,2,2,2,0,2,2,0,1,1,2,2,2,0,2,2,2,0,0,2,1,1,1,0,0,1,0,0,2,1,1,1,0,1,0,0,0,2,0,0,1,1,1,2,0,1,1,0,1,2,0,1,2,0,2,2,2,1,0,2,2,2,1,0,0,2,2,2,0,2,0,2,1,1,0,1,0,0,1,2,1,1,2,1,1,0,2,0,0,1,1,0,2,1,2,1,1,1,2,0,2,1,0,1,0,1,0,1,0,1,2,0,1,0,0,2,2,1,2,0,0,2,1,2,1,2,2,0,1,1,0,1,1,2,0,0,1,2,0,0,0,2,0,2,2,0,0,2,1,2,2,2,0,0,1,1,2,2,0,1,0,1,0,0,0,0,0,1,0,0,0,1,1,0,2,2,1,0,1,1,1,1,2,0,0,1,0,2,1,0,2,1,1,0,1,1,0,1,2,2,0,0,1,1,2,0,2,1,0,2,2,0,2,1,0,0,1,0,0,1,0,2,0,2,0,0,1,0,0,1,2,0,1,1,1,2,0,0,0,0,2,2,2,0,1,0,1,1,0,0,2,2,0,2,0,1,2,1,1,1,0,1,0,2,0,1,2,0,2,2,0,1,1,1,2,1,1,0,1,2,2,0,1,0,1,0,1,2,1,1,0,0,2,1,2,2,2,0,1,2,0,2,1,1,0,2,1,2,1,2,0,2,0,0,1,0,1,0,1,1,0,1,0,0,1,2,2,2,2,2,2,2,1,2,2,1,2,0,1,0,0,0,1,0,2,2,1,0,1,1,0,2,2,1,0,2,2,1,1,0,0,0,1,2,2,1,2,0,2,0,1,0,2,2,0,0,2,0,1,2,2,1,1,2,2,1,1,1,2,0,0,0,0,2,0,0,1,1,2,1,1,1,1,0,0,1,1,1,0,2,0,0,1,1,2,2,2,0,0,1,0,0,2,1,2,1,2,0,1,2,2,0,2,1,1,0,0,0,2,0,2,0,1,2,0,1,2,1,0,1,1,0,0,0,1,2,1,0,2,0,2,0,0,1,1,0,0,0,1,1,0,1,2,1,0,2,1,1,0,1,1,2,1,1,1,0,2,2,2,1,0,1,0,1,2,1,2,1,2,0,0,2,2,1,0,2,2,2,2,2,0,1,0,1,1,2,1,1,2,1,1,1,2,1,1,2,1,0,0,2,2,0,0,1,1,2,1,1,0,0,0,2,0,2,2,1,0,2,0,0,1,2,1,2,2,1,2,0,0,2,0,0,0,2,2,1,0,1,2,2,1,1,1,1,1,1,1,1,2,1,0,2,0,0,0,0,1,0,0,1,2,1,2,2,2,0,2,2,0,1,2,0,1,0,2,0,2,1,1,1,0,2,1,2,1,2,0,1,0,2,2,2,0,1,1,1,2,2,2,0,1,0,2,2,2,2,0,0,0,2,1,2,2,1,2,0,1,1,1,0,0,1,1,1,2,1,1,2,2,2,0,0,0,2,2,1,1,0,2,1,2,1,1,2,1,1,2,0,1,1,1,1,2,2,2,2,2,1,1,0,0,2,1,2,0,2,2,1,1,1,2,2,0,1,2,0,0,0,0,0,2,0,2,2,1,2,0,2,1,0,1,2,2,2,0,2,2,2,2,1,2,1,2,2,0,0,2,2,0,1,2,0,2,1,0,2,1,1,2,1,2,2,1,2,2,2,0,1,1,0,0,1,0,2,2,0,1,2,1,0,2,2,0,1,0,2,2,1,1,0,2,1,1,2,2,1,2,2,1,0,1,2,0,1,1,1,0,2,0,0,2,2,0,2,1,0,2,0,1,0,0,1,0,1,0,2,2,1,1,0,1,0,1,0,1,2,2,2,2,1,2,1,0,0,2,1,0,0,0,1,2,2,0,1,1,2,2,0,1,0,0,1,0,1,1,1,2,0,2,0,0,1,1,1,0,1,1,2,2,2,1,0,0,2,2,0,2,2,1,2,0,0,2,2,0,0,2,2,0,0,1,0,2,1,0,1,1,0,2,0,0,0,0,2,1,1,2,0,0,2,1,0,0,1,2,1,1,0,0,0,2,2,2,1,2,1,0,1,1,1,0,1,0,0,2,0,0,1,0,2,2,2,2,2,1,1,0,0,0,1,1,0,2,1,1,1,2,1,0,0,1,0,2,2,2,0,1,1,0,1,1,2,0,1,2,1,0,2,1,0,0,2,1,0,2,1,2,2,1,2,0,2,2,0,0,1,0,2,2,1,2,1,2,2,1,1,0,0,2,2,1,1,2,2,1,2,0,0,0,2,2,2,0,1,0,2,1,2,2,2,2,2,1,0,1,0,1,0,0,0,1,1,0,2,1,2,0,1,0,1,1,0,0,1,1,0,2,0,0,1,1,2,0,2,1,0,0,2,0,1,2,0,0,0,1,1,0,2,0,2,0,2,0,0,1,1,0,0,0,2,0,2,1,0,1,0,1,0,1,2,1,1,0,0,1,2,1,0,2,0,1,1,1,2,2,2,2,0,1,0,0,1,2,2,2,2,1,0,0,0,2,2,1,1,1,2,0,1,0,0,1,1,1,1,1,2,0,2,1,1,2,2,1,1,2,2,2,0,2,2,2,1,1,2,1,1,0,1,2,0,1,2,0,2,0,2,2,0,2,1,0,2,0,1,1,0,2,1,1,2,0,1,1,1,2,1,2,1,2,2,1,1,0,0,2,2,1,2,0,1,1,2,1,1,1,1,0,1,0,2,0,1,1,1,0,0,0,1,1,1,1,0,0,2,1,2,2,1,1,2,1,0,1,2,1,1,1,1,0,0,1,0,0,0,0,0,1,0,1,1,0,2,0,2,1,1,0,2,2,2,0,2,1,2,2,1,1,1,1,1,0,0,0,1,2,2,2,0,0,0,0,2,1,0,1,0,2,1,0,1,0,1,2,0,1,0,2,1,1,1,0,2,1,2,0,1,1,1,0,0,0,0,2,0,0,2,0,2,1,0,1,0,0,0,1,1,0,2,1,2,1,2,2,0,1,2,0,2,1,1,0,1,1,1,2,0,0,1,2,1,2,0,1,2,1,2,0,1,2,1,0,1,2,1,0,1,1,1,0,1,1,2,0,1,0,0,1,1,1,1,1,0,2,2,0,2,2,0,1,1,2,1,2,0,2,1,0,2,1,1,1,2,0,0,2,1,2,2,2,2,2,1,0,2,2,0,1,1,0,2,2,1,1,0,2,1,2,0,0,2,1,1,2,0,0,0,0,2,2,0,1,1,0,2,2,1,2,1,1,0,2,2,0,1,2,1,2,1,0,1,1,0,0,2,2,2,0,0,2,2,0,0,0,0,0,0,1,1,0,2,0,0,2,0,2,0,0,0,2,1,2,2,1,0,2,2,1,2,2,0,2,0,1,0,0,1,2,1,0,1,0,0,1,0,0,0,1,1,1,2,2,2,1,0,2,2,2,0,2,1,2,1,2,0,1,1,0,0,0,2,2,1,1,1,2,0,2,1,1,1,0,0,1,2,2,0,0,0,1,1,2,1,2,0,2,1,2,2]
25000000
//expected_output:1
//code_output:
//runtime_error:
//last_testcase:[1,2,0,2,1,0,1,1,0,2,2,0,2,0,1,1,1,0,1,0,1,1,2,2,2,2,0,0,2,1,2,1,2,0,0,0,1,0,0,1,0,2,1,1,1,1,0,2,2,1,0,2,0,2,2,2,1,0,2,2,2,2,0,0,1,0,1,1,2,1,2,2,1,1,0,2,0,1,0,1,1,2,0,1,1,1,1,2,0,2,2,0,0,1,1,1,1,2,1,2,2,1,2,0,1,2,2,1,1,2,1,0,1,1,1,0,0,1,2,0,2,1,0,1,2,0,2,2,1,0,0,2,0,1,1,0,1,0,1,0,1,2,2,2,0,1,1,1,1,1,0,2,2,2,1,0,1,0,1,0,0,0,0,2,0,0,1,1,2,0,2,1,2,0,0,1,0,1,2,1,0,1,1,1,1,0,0,2,2,1,1,0,0,0,0,1,2,2,1,1,0,1,2,0,0,2,1,2,1,2,0,2,1,1,2,2,2,2,2,0,1,1,0,1,2,2,0,2,2,2,0,2,0,1,1,2,2,0,2,2,2,2,2,2,1,0,2,2,2,0,2,0,2,0,2,1,0,1,0,1,1,0,2,0,1,0,0,2,0,0,0,2,0,2,2,0,2,0,0,1,1,0,2,0,1,2,2,0,1,1,2,0,0,0,2,1,0,1,0,2,1,2,0,1,2,1,1,1,0,1,2,1,2,2,1,2,0,2,1,0,1,1,1,2,0,2,2,2,2,1,0,2,2,1,1,1,1,0,1,2,2,0,1,2,2,1,0,0,1,2,1,0,2,1,1,1,0,0,0,1,1,1,0,2,0,2,0,1,2,2,0,2,1,2,2,0,0,0,0,2,1,1,2,0,2,0,1,0,1,0,2,0,0,0,2,1,2,0,1,2,1,2,1,0,1,0,1,0,0,1,2,1,1,2,1,1,2,2,1,0,1,1,2,2,1,2,2,2,1,0,1,1,1,0,0,0,2,1,1,1,2,2,1,2,0,2,1,2,0,2,2,2,1,1,2,2,0,0,2,2,2,1,2,2,1,0,2,0,2,0,2,1,2,2,1,1,1,1,1,0,0,1,0,2,2,0,0,2,1,0,1,0,2,1,0,0,0,0,1,2,1,2,0,0,1,1,2,2,2,2,0,2,1,0,0,0,2,0,1,1,0,2,1,1,1,2,1,0,0,1,0,1,0,1,2,0,2,1,0,0,1,2,1,1,0,0,0,2,2,2,1,1,2,2,0,1,0,2,2,2,0,1,0,0,1,0,0,1,1,1,1,1,1,2,1,2,0,2,0,2,1,2,2,2,0,1,0,1,2,0,2,2,1,2,0,1,2,2,0,1,1,0,1,1,0,0,0,1,2,1,0,0,2,0,1,0,2,2,0,1,0,0,0,1,0,0,0,2,1,1,1,1,1,0,1,1,0,1,0,1,0,2,2,0,2,2,0,0,1,2,0,1,1,1,2,0,0,0,2,0,2,2,2,2,1,0,2,2,0,0,1,1,2,2,2,1,1,2,0,1,0,0,1,0,1,2,0,1,2,0,1,1,1,1,2,0,1,0,1,2,2,0,0,2,0,1,2,1,2,1,0,0,1,0,0,1,2,0,1,0,0,0,0,2,0,1,0,1,2,0,1,2,0,0,0,0,1,1,2,0,0,0,2,1,1,0,0,2,2,1,0,0,1,0,1,0,1,1,0,2,0,1,1,2,2,1,1,0,2,0,0,1,0,1,2,2,1,2,2,2,2,2,1,2,0,0,0,1,1,0,0,2,1,0,1,0,2,2,0,1,2,2,2,0,0,0,2,2,1,2,1,0,0,0,1,1,2,1,2,0,1,2,1,0,1,2,0,1,2,1,2,1,1,1,2,2,1,0,1,0,2,1,2,0,2,0,0,0,1,2,1,0,0,0,1,2,0,2,2,2,1,0,2,2,1,1,2,0,0,1,2,2,2,1,2,1,2,1,0,2,2,0,0,0,2,0,1,0,1,0,2,2,2,2,0,1,1,1,1,0,1,0,0,1,2,0,1,0,0,2,0,1,1,1,1,2,0,1,1,2,0,2,1,2,1,1,0,1,1,2,1,2,0,1,0,0,0,1,0,2,0,0,2,0,0,1,0,1,2,2,1,2,0,2,2,2,0,2,0,2,1,0,0,0,0,0,0,1,0,2,0,1,1,0,2,1,2,1,1,0,2,1,2,0,1,1,1,0,1,0,1,0,0,1,1,0,1,1,0,2,2,1,1,0,1,0,0,0,2,2,2,0,1,2,1,2,0,2,1,0,0,1,2,2,1,0,1,2,0,0,2,1,1,2,0,0,1,0,2,2,2,2,0,1,0,0,0,1,1,0,2,0,2,0,2,2,2,0,2,0,0,2,1,0,2,2,2,1,2,0,2,2,0,2,1,2,2,0,1,0,2,0,1,1,2,2,2,2,0,0,0,0,2,2,2,2,1,0,2,0,2,0,1,0,1,1,2,2,1,2,1,2,0,1,2,2,2,0,1,0,1,0,1,0,1,0,1,2,2,0,2,2,2,0,1,0,2,1,1,1,0,0,0,0,0,2,0,1,0,2,0,0,2,2,2,2,1,2,2,1,2,0,1,0,1,1,0,0,2,2,1,2,2,1,0,0,0,0,0,0,1,1,0,1,0,2,0,1,0,2,2,2,0,1,0,2,1,2,2,0,2,1,1,1,1,1,1,2,2,1,0,1,2,1,1,0,0,1,0,2,0,2,2,2,2,1,2,2,2,2,1,2,2,1,1,1,0,1,2,2,0,0,2,1,0,2,1,0,2,2,0,2,1,0,2,1,0,0,0,0,2,0,1,0,2,0,1,2,2,0,1,0,1,1,1,2,1,0,0,0,0,0,2,0,1,1,1,0,1,2,2,1,2,2,0,2,2,0,0,0,2,2,2,1,1,2,1,2,1,2,1,1,0,0,2,0,2,0,1,1,0,0,2,1,0,0,1,2,0,1,0,2,1,1,1,1,2,2,0,2,2,0,1,1,2,2,0,2,0,1,0,2,0,2,2,2,1,2,2,0,1,1,2,2,1,2,2,2,2,2,2,0,0,1,1,0,0,1,0,0,0,2,1,2,1,2,2,1,1,0,2,1,0,0,1,2,2,1,1,1,1,0,0,0,2,0,0,2,1,1,2,2,2,1,2,1,0,1,2,1,2,2,1,1,0,0,0,1,1,1,0,0,1,1,1,2,2,1,2,1,0,2,0,1,0,0,2,0,0,0,2,1,0,2,0,2,1,1,2,0,1,1,0,2,0,1,2,2,0,0,2,0,1,1,0,2,2,1,0,0,0,2,0,1,0,0,0,2,0,2,2,1,0,1,2,2,2,2,1,1,2,2,2,0,1,2,0,2,1,2,1,0,2,0,1,0,0,2,1,0,0,0,2,0,0,1,2,2,0,0,1,0,1,1,2,2,2,0,2,1,0,2,0,1,2,1,0,1,1,1,2,1,0,0,0,2,1,0,2,2,0,1,0,2,0,2,2,2,0,1,2,2,2,1,0,0,1,0,0,0,1,1,0,1,2,2,2,0,1,0,0,1,2,2,2,0,1,1,1,2,0,2,1,1,2,2,1,0,1,2,0,2,1,1,0,1,1,2,0,1,0,2,1,2,0,2,2,2,2,0,2,0,2,1,0,1,0,2,1,0,0,0,2,0,0,0,1,0,2,1,0,0,0,0,0,2,1,0,0,0,2,1,2,0,0,0,2,2,2,2,1,1,1,0,1,2,2,0,0,1,1,0,2,0,2,1,2,0,0,2,1,0,0,0,2,2,0,1,1,0,0,0,0,1,0,1,1,2,1,2,1,2,0,1,1,2,0,0,2,1,0,0,2,0,1,2,1,1,2,2,2,1,2,2,0,1,2,0,1,2,1,2,0,2,1,0,2,1,1,2,0,2,0,1,2,2,1,2,1,1,1,1,2,1,2,1,2,0,1,1,1,2,0,1,2,1,1,0,2,1,0,2,0,0,0,2,1,0,1,2,0,1,0,1,1,0,0,1,0,2,0,0,0,0,2,2,0,1,1,2,1,2,2,1,0,1,1,2,2,0,1,0,1,0,2,1,0,2,0,2,2,1,1,1,1,2,2,2,2,0,1,1,0,2,0,1,2,1,2,0,0,2,2,1,2,2,1,1,0,0,0,0,2,1,0,2,2,0,1,2,2,2,1,1,2,2,2,2,2,2,2,2,2,0,0,1,2,2,0,2,0,1,2,2,1,0,2,2,0,0,0,2,0,0,0,1,2,1,0,2,2,1,2,0,0,2,2,2,1,1,1,2,0,0,2,0,0,2,1,2,2,2,1,0,0,1,1,1,0,0,2,0,1,1,0,0,0,1,0,2,0,0,1,1,2,0,2,0,2,0,1,0,0,1,1,0,1,0,1,1,0,2,1,0,1,0,1,2,0,0,1,2,0,2,1,0,1,1,2,0,2,2,1,1,2,2,1,1,0,2,2,2,2,1,2,0,2,0,2,2,1,1,0,1,0,0,1,2,2,1,1,1,0,1,0,1,2,0,2,1,2,2,0,2,2,0,1,1,0,0,1,1,1,1,1,0,1,2,0,2,2,0,1,2,2,1,1,2,0,1,1,1,2,0,2,1,1,2,1,1,1,1,2,1,0,1,2,0,1,1,1,0,2,1,2,0,0,2,1,0,1,0,2,2,2,1,1,1,2,2,0,2,1,0,2,2,2,2,2,2,0,0,1,2,2,2,0,0,2,0,2,2,2,2,2,2,2,0,2,1,1,2,0,2,2,0,2,1,0,0,1,1,1,1,2,1,2,0,2,0,0,0,2,2,0,0,2,1,2,1,0,1,0,2,0,1,2,0,1,2,0,1,1,1,1,0,2,2,1,0,2,1,0,2,0,1,0,0,2,1,0,1,0,2,2,2,1,2,2,0,2,1,0,2,0,2,1,1,2,0,1,2,0,0,1,1,1,0,2,0,0,2,2,0,0,2,2,1,0,1,2,1,1,2,1,0,0,1,0,0,0,0,0,1,2,2,2,1,1,2,0,1,2,1,2,1,1,1,1,1,0,2,1,1,1,0,2,0,0,0,2,1,0,1,2,0,1,1,2,1,1,2,2,0,2,0,2,0,2,0,2,2,0,0,1,0,2,0,0,0,0,0,1,0,2,1,1,0,1,2,2,1,0,2,2,1,2,0,1,2,2,2,0,1,0,0,1,0,2,1,0,1,1,1,1,2,1,2,0,1,2,2,2,2,2,0,1,0,2,2,0,0,0,0,1,2,1,1,1,1,0,1,0,0,0,0,2,2,2,0,0,0,1,2,2,2,2,2,2,2,1,2,1,1,1,2,0,1,1,2,0,0,1,2,0,2,0,2,2,1,2,2,2,2,2,1,1,2,1,1,1,2,0,1,2,2,1,1,0,2,1,2,1,1,1,0,2,1,0,0,2,2,2,1,0,1,2,1,2,1,1,0,0,0,2,1,0,1,0,0,1,2,0,0,2,0,0,0,1,0,1,0,1,0,1,0,1,1,1,0,2,2,0,0,0,1,2,0,1,1,1,1,2,1,1,0,1,1,1,0,1,1,2,1,2,2,1,2,2,2,1,1,0,2,1,0,2,0,1,1,0,1,2,1,1,0,2,0,0,1,0,0,1,0,0,1,2,2,0,1,2,1,2,2,2,2,0,2,1,1,0,0,0,1,1,2,2,0,0,0,1,2,0,1,2,0,1,2,1,1,2,1,2,2,0,1,2,2,1,2,0,1,1,0,0,0,0,1,2,2,2,0,1,0,1,0,2,1,1,0,2,1,2,1,2,0,2,0,0,1,2,0,1,0,0,0,1,1,1,2,1,1,1,0,1,2,0,0,0,1,0,2,0,2,0,1,1,1,0,0,0,2,0,1,2,0,1,0,1,1,0,1,0,1,1,2,1,1,2,2,1,1,1,0,1,0,1,1,2,1,2,2,1,1,2,2,2,1,1,1,1,1,1,2,1,1,0,2,1,0,0,1,1,1,0,2,2,0,0,1,1,2,2,1,2,2,2,0,0,2,2,2,0,1,0,2,1,0,0,2,0,0,1,2,1,2,1,2,0,0,1,0,2,0,0,2,0,1,1,2,2,0,1,0,1,1,1,2,2,1,1,1,2,0,1,2,0,1,1,1,0,1,0,2,2,0,2,1,0,0,1,2,0,0,1,0,1,0,2,2,1,0,1,2,2,0,2,2,0,0,1,1,1,2,1,2,2,2,0,1,0,0,0,1,0,0,0,1,1,0,2,1,0,2,1,2,0,2,0,2,2,0,2,2,0,1,0,0,2,0,2,2,1,0,2,0,2,2,1,1,2,2,2,1,0,0,1,2,1,0,1,0,2,2,1,2,1,2,0,1,0,1,2,2,1,0,2,0,2,1,0,1,2,0,0,2,2,1,1,0,0,1,2,0,2,2,1,2,1,0,1,1,0,0,2,2,2,2,2,0,1,0,1,1,1,0,1,2,1,0,2,2,0,1,1,2,0,2,2,0,2,1,1,2,2,2,1,1,0,1,0,2,2,2,2,0,2,2,1,0,0,1,1,0,1,2,1,0,0,0,2,2,0,2,0,1,2,2,1,1,1,2,0,2,0,0,1,2,0,1,1,0,1,1,1,2,0,0,0,2,1,0,2,1,2,1,0,1,1,2,2,0,1,0,2,2,2,1,1,0,1,2,1,2,0,0,0,0,1,1,1,1,0,2,1,0,0,2,0,2,0,1,1,0,0,1,2,0,2,2,2,1,1,0,0,0,0,1,0,1,2,2,2,0,1,0,1,1,0,0,1,0,0,1,1,2,2,0,0,2,2,0,0,0,2,2,2,2,1,1,2,2,2,0,0,2,0,1,2,2,2,2,0,0,2,0,2,2,2,0,2,1,1,1,1,0,2,0,2,0,0,1,2,2,1,0,2,0,1,2,2,1,2,0,0,2,0,0,1,1,1,0,2,0,2,2,2,2,1,2,2,0,1,2,2,2,0,0,0,1,0,1,2,0,0,0,0,1,2,0,0,2,2,0,1,1,2,2,2,2,0,0,0,1,0,1,0,1,1,0,0,0,2,2,0,0,1,1,0,2,2,1,1,0,2,0,2,1,0,1,2,1,1,2,1,0,0,1,2,1,1,2,2,0,1,2,0,0,0,1,1,2,0,2,1,2,0,1,0,0,0,2,0,1,1,2,2,2,0,0,0,2,2,1,0,2,1,0,0,2,1,1,2,0,2,0,2,0,1,2,2,0,0,0,2,2,1,1,1,0,0,1,1,0,0,0,2,1,1,0,1,0,2,0,1,0,2,0,2,1,0,1,2,0,0,2,1,1,0,0,1,0,2,1,1,1,2,1,2,2,0,2,2,1,2,2,2,1,0,1,1,1,2,1,1,1,1,0,0,1,1,0,2,2,0,1,1,1,1,2,1,1,0,0,2,2,0,2,1,1,1,1,2,0,2,2,2,0,1,0,1,0,0,1,0,2,0,0,0,2,1,1,2,2,0,1,1,0,0,1,0,2,0,2,2,0,2,2,0,0,1,2,0,1,0,0,0,0,1,2,0,1,1,0,0,2,0,0,2,0,1,1,2,2,1,0,1,0,0,2,2,2,0,0,1,0,2,0,1,2,1,0,1,1,2,2,2,2,0,0,0,2,1,1,2,0,1,1,1,0,0,0,1,0,2,0,2,0,2,0,0,1,0,0,2,0,2,2,2,2,2,1,0,2,0,0,0,0,0,0,2,0,2,0,1,0,2,2,2,1,1,1,0,1,0,1,1,0,2,0,0,1,2,2,1,2,0,0,0,2,2,0,1,1,0,2,0,1,2,1,0,0,0,1,1,1,2,0,1,1,1,2,1,0,2,1,0,1,0,1,2,0,1,2,0,2,0,0,0,2,0,2,2,2,0,1,1,2,0,0,1,1,0,1,1,0,2,0,1,1,2,2,1,0,2,1,2,0,0,0,2,2,2,0,1,1,0,0,1,1,1,1,0,0,2,0,2,2,0,1,0,0,1,1,1,1,1,0,0,2,0,0,2,0,2,2,2,2,1,1,1,2,0,2,1,1,0,0,1,2,1,2,2,2,2,0,0,0,1,1,0,1,0,1,1,1,2,0,2,2,2,0,1,0,1,2,2,0,0,2,0,0,1,0,0,1,2,1,0,1,2,2,1,2,2,1,1,0,2,1,0,1,1,2,1,2,1,0,2,0,1,1,0,0,1,0,2,1,1,1,2,1,0,2,2,1,2,2,1,2,2,2,2,1,1,2,1,0,0,2,2,1,1,2,1,1,1,0,0,0,0,0,0,2,2,1,0,1,0,1,1,2,2,0,1,1,2,2,1,0,2,1,1,1,2,1,2,0,0,2,0,2,0,0,0,0,2,2,2,0,0,0,2,0,2,1,0,2,1,1,0,1,0,0,2,2,1,1,2,0,0,0,1,1,1,1,1,0,2,2,2,2,1,0,0,0,1,0,1,1,0,1,2,2,1,0,1,1,0,2,0,2,2,1,1,1,1,0,0,2,2,1,2,0,0,2,1,0,2,1,2,1,2,1,0,2,2,2,0,0,1,1,0,0,1,1,1,1,2,2,2,1,0,2,0,2,2,2,1,1,1,0,0,1,1,0,1,0,0,2,1,2,0,0,0,1,2,0,1,2,0,1,0,0,0,1,0,1,2,2,1,2,0,1,0,2,1,0,1,2,1,1,1,2,1,0,0,2,1,1,1,0,2,1,2,2,2,2,2,1,1,2,1,2,1,0,1,1,0,1,2,0,1,2,2,2,2,2,1,0,2,2,2,2,0,1,2,1,2,0,0,2,0,0,0,0,0,0,2,0,0,2,0,2,1,1,2,0,1,1,2,0,0,2,2,0,0,2,0,2,2,1,0,1,0,2,0,0,0,0,2,0,1,2,1,0,1,2,0,2,0,2,1,0,0,0,1,2,0,1,1,2,1,1,1,0,0,0,0,0,2,2,0,2,2,2,1,2,1,1,1,2,0,2,1,0,0,0,2,2,1,0,2,0,2,0,1,0,1,0,2,0,1,1,1,1,0,2,0,1,2,1,2,0,2,1,2,1,2,2,2,2,1,2,0,0,2,0,2,2,2,0,1,2,1,0,2,0,2,2,2,0,1,1,0,2,2,2,2,0,1,2,1,2,2,1,2,0,1,2,0,0,0,2,2,1,1,0,0,2,1,1,1,0,1,2,0,1,2,0,0,1,2,0,2,0,0,2,0,2,0,1,1,1,1,1,0,2,1,1,2,2,0,0,1,2,1,2,2,1,0,2,2,2,2,2,0,1,0,0,1,1,2,0,1,2,1,2,0,0,0,2,2,2,1,2,1,1,2,0,0,0,0,1,1,1,0,1,0,2,0,1,1,2,2,0,0,1,2,0,2,2,1,2,0,0,1,0,1,2,2,0,1,2,1,2,1,2,1,2,0,1,1,1,1,1,2,0,2,2,1,2,2,1,1,0,0,1,0,2,0,1,1,1,1,2,2,0,0,1,0,1,0,2,2,2,1,0,2,2,2,0,0,2,2,1,2,2,0,2,0,2,1,0,2,0,0,1,1,1,0,2,0,0,0,1,0,2,1,2,1,2,1,0,1,2,0,2,0,1,2,2,1,0,1,2,1,2,1,0,2,2,2,1,1,1,0,0,1,1,1,1,1,1,2,1,1,1,0,0,2,0,1,2,2,0,1,2,2,2,2,0,2,1,1,2,2,2,2,1,0,1,0,2,2,0,1,0,2,2,0,0,0,0,2,0,2,1,0,1,1,2,2,1,1,2,1,2,2,0,1,1,2,0,0,0,0,2,0,0,1,2,1,2,2,2,1,0,1,1,1,1,0,0,2,0,2,1,0,2,2,1,0,0,2,1,2,2,2,1,0,2,1,0,1,2,2,0,1,2,2,0,0,2,1,2,0,1,0,1,2,1,1,0,1,1,0,0,1,2,0,1,2,2,0,1,0,0,2,2,2,2,2,0,2,0,1,1,2,2,0,0,2,0,0,2,0,1,1,0,1,0,1,2,1,1,2,0,0,0,1,1,1,1,1,2,2,1,0,1,2,2,0,1,2,2,1,1,1,2,1,1,1,2,2,2,0,0,0,0,1,1,0,0,2,2,1,2,0,2,2,0,0,1,1,0,2,1,1,1,0,2,0,0,0,0,0,1,2,1,0,0,0,0,2,2,1,0,2,2,0,1,0,0,1,2,0,0,0,1,0,2,0,2,0,0,2,2,1,1,0,0,2,0,0,2,1,0,2,1,0,1,2,2,1,0,2,0,0,0,0,2,2,2,2,0,1,1,0,1,2,0,0,0,2,0,1,1,1,1,0,0,1,2,1,1,2,2,1,0,1,1,1,1,0,2,0,1,2,2,0,2,0,2,1,1,0,1,0,2,2,2,2,1,1,2,1,1,2,0,0,2,0,0,1,0,0,2,2,0,2,1,2,2,2,2,1,0,1,2,2,1,1,1,1,1,0,1,2,0,0,2,0,0,2,2,1,1,1,0,0,0,2,0,2,0,1,2,2,0,2,2,2,0,1,0,1,2,2,2,1,0,2,1,1,2,0,1,2,2,1,0,2,2,1,2,0,1,2,1,0,2,0,0,2,2,1,1,0,2,0,0,2,2,0,1,0,1,2,0,1,0,1,2,0,0,1,1,1,0,1,1,0,2,2,2,0,1,0,1,1,0,2,1,0,1,0,0,2,0,0,1,2,0,2,1,0,1,0,0,0,0,1,0,1,0,0,2,0,2,0,0,1,1,0,0,2,0,0,2,1,2,1,2,2,1,2,1,0,1,2,0,2,0,1,2,2,0,2,2,1,1,0,0,0,0,1,0,0,1,0,0,2,1,0,1,0,1,0,2,2,2,2,2,1,2,0,1,2,2,1,0,1,2,0,1,1,0,1,2,0,1,2,0,0,2,0,0,2,2,0,0,1,2,2,0,0,1,2,2,1,1,1,2,0,2,0,2,2,1,2,1,1,2,1,1,2,2,2,2,2,0,0,1,2,1,2,0,0,2,0,0,2,1,1,1,2,0,1,2,0,1,1,0,1,1,2,0,2,2,0,1,2,2,2,0,1,2,0,2,2,0,0,1,0,0,0,0,2,0,1,0,0,2,0,0,0,2,1,0,2,0,1,1,1,0,2,0,0,1,0,2,2,1,0,0,1,1,0,1,2,1,1,2,2,2,0,1,0,2,2,2,1,1,2,2,0,1,2,0,0,1,1,2,0,1,2,1,2,1,2,2,1,2,2,0,1,1,2,0,1,0,0,2,0,0,1,0,0,0,2,1,2,2,2,0,0,1,2,0,0,2,1,1,2,0,0,2,1,1,0,0,1,2,2,0,1,2,0,1,0,2,2,1,1,1,0,0,2,2,2,2,0,1,0,2,2,1,2,1,1,1,0,2,2,1,1,2,2,0,2,1,2,2,2,1,1,2,1,0,0,1,1,0,2,1,0,2,2,2,2,0,0,0,1,0,0,0,1,1,1,0,1,0,0,0,2,1,0,2,1,0,0,2,0,2,2,1,2,0,2,1,2,2,1,2,0,0,2,2,0,0,1,0,1,2,1,1,0,2,1,0,1,2,2,2,1,1,2,0,1,1,2,1,2,0,2,1,0,2,1,2,0,0,0,0,0,2,0,2,1,0,0,0,1,2,0,0,2,1,2,0,2,1,2,0,1,1,2,0,0,1,1,0,0,2,0,1,2,1,1,0,1,0,2,2,2,2,1,2,0,2,1,2,2,1,1,1,0,1,2,2,1,2,0,0,0,2,1,1,1,0,2,0,1,0,2,0,0,2,0,2,1,1,1,2,0,1,0,0,2,2,1,0,0,0,2,2,0,2,1,1,0,1,1,2,1,2,2,0,0,1,2,2,2,2,2,1,2,0,1,2,1,0,2,2,2,2,2,1,2,1,2,0,0,1,1,2,2,1,0,1,2,0,2,0,1,2,2,1,2,1,0,0,1,2,0,1,1,0,2,2,2,0,1,2,2,1,0,1,2,1,0,2,2,2,2,0,1,0,2,0,0,0,1,1,2,2,2,0,2,2,2,0,2,1,0,2,1,2,1,2,2,1,0,1,1,2,2,0,1,2,1,2,1,2,2,0,2,0,1,1,0,2,2,2,2,1,0,1,0,0,1,1,2,1,2,1,1,2,1,1,0,2,2,1,1,2,2,1,1,2,2,1,2,2,1,2,1,2,0,1,2,1,0,2,0,2,0,0,0,2,0,0,0,1,2,2,2,2,1,0,2,0,0,1,1,0,0,0,1,0,1,2,2,0,2,1,2,1,2,2,1,0,1,0,2,2,0,2,2,1,1,0,0,1,1,0,2,2,2,0,1,0,1,0,0,1,0,2,1,2,2,0,0,2,0,0,2,0,2,1,1,1,1,0,0,1,0,1,0,1,0,2,2,1,1,2,1,2,0,2,1,0,2,2,0,2,2,0,2,2,2,0,1,2,0,2,2,2,0,1,0,0,2,2,1,1,2,1,2,2,0,2,2,2,2,0,0,0,1,0,2,0,0,2,1,2,0,2,2,2,2,2,2,1,2,0,2,2,2,2,1,1,0,0,1,2,0,2,0,2,0,2,2,0,1,2,1,2,0,2,2,1,2,1,0,0,1,2,1,0,2,2,1,1,1,2,1,1,2,1,0,2,2,0,0,0,2,1,2,2,0,1,0,0,2,1,1,1,0,1,1,2,2,1,1,0,0,1,1,0,2,0,2,1,0,0,1,2,2,1,0,2,2,1,1,0,1,0,0,0,0,1,1,1,1,1,0,2,1,0,2,2,0,2,1,1,0,2,1,1,1,2,2,2,2,2,2,1,1,1,2,0,2,2,2,1,1,1,0,2,1,2,1,0,1,1,0,0,0,2,1,2,2,1,1,2,0,1,0,2,0,0,2,2,1,0,2,1,2,0,2,2,2,2,0,0,0,1,0,2,1,1,0,2,1,2,2,1,2,2,1,0,1,2,2,0,1,0,1,2,2,1,1,1,0,0,0,1,2,2,1,2,2,0,2,2,1,0,0,2,0,1,1,2,1,0,0,0,1,2,0,0,0,0,1,1,1,2,1,2,2,1,2,2,2,1,1,2,2,2,2,1,2,0,0,0,2,0,2,1,2,0,1,1,1,0,0,2,2,1,1,0,1,0,0,1,0,1,0,2,0,2,0,1,2,2,1,2,1,1,1,0,1,0,0,2,0,1,1,2,2,2,1,1,0,1,2,2,2,0,2,2,0,1,1,1,1,1,2,0,0,2,2,2,0,0,0,1,1,2,0,2,1,0,1,1,2,1,1,2,2,2,2,2,2,0,0,2,1,2,2,2,1,2,0,0,2,1,1,0,1,0,2,0,1,2,2,0,0,0,2,0,1,0,1,2,1,0,1,2,2,1,0,0,1,1,0,2,2,0,1,2,1,1,0,1,1,2,1,2,2,1,0,2,0,2,1,0,0,2,2,1,1,0,0,1,1,0,0,2,0,0,2,0,2,0,2,1,1,2,1,0,0,0,0,2,0,0,1,1,2,0,0,2,1,1,2,0,2,1,1,1,2,1,2,1,2,0,1,2,2,2,1,2,2,1,1,2,0,2,1,0,1,2,1,1,0,2,1,2,0,1,1,0,0,0,2,1,0,1,0,0,0,1,2,0,0,1,0,0,2,2,0,2,1,0,0,1,1,2,2,2,0,1,1,0,1,0,2,0,0,0,2,0,1,0,0,0,1,0,2,2,0,1,1,1,1,0,0,2,1,2,0,0,0,1,1,2,2,0,0,0,1,2,1,0,1,1,2,1,1,0,0,2,2,2,0,1,0,0,2,1,0,1,0,0,0,2,1,2,1,0,2,0,0,1,2,2,1,2,1,2,0,0,1,1,0,1,1,1,1,2,2,1,2,0,2,1,0,0,0,2,2,2,0,1,2,1,1,0,1,2,1,0,0,0,2,0,0,1,2,2,0,0,1,0,0,1,0,2,1,0,2,2,2,0,2,1,1,2,0,1,1,1,1,1,1,1,1,0,2,0,2,2,2,2,2,0,2,1,1,0,1,0,0,1,0,0,0,2,1,2,2,2,1,0,1,0,2,2,0,0,0,1,2,0,2,2,1,1,1,0,2,2,0,2,2,0,1,2,2,0,1,1,1,1,2,2,0,2,2,2,2,1,1,0,2,1,0,0,1,1,0,0,0,0,1,0,2,1,2,0,1,0,2,1,2,2,2,2,0,2,1,0,2,0,2,0,2,2,0,0,2,0,2,1,2,2,0,0,1,2,0,1,1,2,0,0,2,0,1,0,0,2,0,1,2,2,1,0,2,2,1,0,1,1,0,1,1,1,0,0,1,0,2,0,2,2,2,2,1,0,2,2,0,2,0,0,0,2,0,0,2,0,2,1,1,2,1,1,0,1,0,1,1,2,0,2,1,0,0,0,2,0,2,0,0,2,1,0,0,0,0,0,1,0,1,1,1,1,1,1,2,0,1,2,1,0,1,0,2,2,2,2,0,2,0,0,0,1,1,0,1,1,0,2,0,2,2,1,0,1,0,1,0,0,1,1,1,1,1,2,1,0,1,2,1,2,2,0,1,0,1,2,0,1,1,2,0,0,2,0,2,0,0,1,2,2,2,0,0,2,0,1,1,2,2,0,0,2,1,1,0,1,1,0,2,0,0,2,2,0,0,2,0,1,2,1,2,0,2,1,1,1,0,2,0,0,2,2,2,2,2,1,2,0,2,1,1,2,2,2,0,0,1,0,0,2,2,2,1,1,1,2,1,2,2,2,0,1,0,0,1,1,0,1,1,2,0,2,1,1,0,1,1,1,0,0,1,1,1,0,1,1,2,0,0,0,2,2,0,0,0,0,2,1,2,1,1,1,2,1,1,0,0,0,0,2,1,2,1,0,1,2,2,0,0,0,2,2,0,0,1,0,0,1,1,2,1,2,1,0,1,1,1,1,2,1,1,2,0,1,2,1,0,2,2,2,0,0,2,2,0,0,2,1,0,0,2,2,1,2,0,0,0,0,2,1,0,1,1,0,2,1,2,1,2,1,2,1,2,2,1,2,0,2,2,2,1,1,1,2,1,2,2,2,1,1,2,1,1,2,1,2,1,2,2,0,2,2,1,2,1,2,2,2,0,0,0,1,1,0,2,1,0,1,1,2,1,0,2,1,0,1,0,0,2,2,1,2,1,0,1,1,0,1,1,2,2,0,0,2,0,0,0,2,0,2,1,1,2,2,1,0,0,2,1,0,2,2,1,1,2,1,2,2,2,2,0,1,1,1,2,0,2,0,0,1,2,0,2,2,0,2,2,0,0,2,1,2,1,1,0,2,2,2,1,2,2,0,0,0,0,2,0,1,1,2,1,1,1,2,2,1,0,1,1,1,1,0,1,1,2,1,0,2,0,2,0,1,2,2,0,1,1,2,1,2,0,2,1,0,1,0,1,2,1,2,0,2,1,2,1,0,1,1,1,0,1,0,0,2,0,0,2,2,0,0,2,0,2,2,0,0,2,2,0,2,1,2,0,1,0,2,1,1,2,1,2,0,2,1,2,1,1,2,2,1,0,1,0,1,1,1,1,0,0,0,2,0,0,0,0,0,2,1,2,0,1,1,2,0,2,2,0,2,0,1,1,1,0,0,2,1,1,2,0,1,2,0,0,2,0,0,2,0,1,2,2,2,2,2,0,1,0,2,2,1,1,2,2,2,1,0,2,2,2,2,1,0,0,2,2,1,1,1,1,1,1,2,2,0,2,2,1,1,2,0,1,0,1,2,2,0,2,2,2,0,2,1,1,1,2,0,0,0,1,2,0,1,0,1,0,1,1,2,2,1,0,0,2,0,1,2,0,0,1,2,1,1,2,2,1,0,0,0,0,2,2,0,2,0,0,1,0,2,0,2,1,1,1,0,2,2,0,0,0,1,0,1,0,1,0,2,1,2,0,1,2,2,0,0,0,0,0,0,2,0,2,1,0,2,1,1,1,2,0,1,1,2,1,0,1,2,0,2,1,2,0,0,1,1,0,1,1,2,0,2,2,0,2,1,0,0,2,2,0,2,1,2,1,1,1,1,2,2,0,1,2,2,0,2,1,1,1,2,0,0,1,0,0,0,2,1,1,0,0,0,1,0,0,2,2,0,1,1,0,2,1,2,2,0,0,2,2,0,0,2,2,0,0,1,1,1,0,0,0,1,2,0,0,0,1,0,1,2,2,2,1,1,1,1,0,2,2,1,1,1,0,2,0,2,0,2,1,2,2,1,2,1,0,1,1,2,1,2,2,1,0,1,1,0,1,2,1,0,0,0,0,0,2,1,2,0,2,0,1,0,2,1,0,0,2,0,1,2,0,2,2,1,1,1,0,0,2,0,1,1,1,1,2,0,1,1,0,0,2,0,0,1,1,0,0,0,0,1,1,1,0,1,2,1,2,1,1,2,2,2,1,1,0,2,2,0,2,2,2,0,2,0,1,1,0,1,2,1,2,1,1,2,0,0,1,2,1,1,0,1,2,1,2,2,1,2,1,1,0,2,2,1,0,2,0,1,2,1,1,2,0,1,2,2,1,2,0,1,2,1,1,2,0,2,1,1,0,2,2,2,0,2,0,1,1,0,0,1,0,1,2,2,1,1,0,1,1,1,1,1,2,2,0,2,1,1,1,1,0,1,0,1,1,0,0,1,0,1,2,2,1,2,0,1,2,1,0,0,0,1,0,0,1,2,1,1,0,2,0,0,0,0,0,1,0,1,2,1,2,2,2,0,2,1,1,2,2,1,0,1,0,0,1,1,2,1,2,0,1,2,2,2,0,2,2,0,0,2,1,2,1,2,1,0,2,2,0,0,1,0,1,1,0,0,0,0,0,2,2,2,0,1,2,0,1,1,2,1,0,1,2,0,2,2,2,1,2,2,1,1,2,0,2,1,1,0,2,1,1,1,2,1,2,1,1,2,1,2,2,1,0,0,2,0,0,1,0,2,0,2,0,2,1,0,1,2,1,0,1,2,1,1,0,2,2,1,2,1,1,0,2,2,2,2,0,2,1,0,2,1,2,2,0,1,1,1,0,1,2,1,2,0,1,2,2,0,2,2,2,0,1,1,0,2,1,0,0,2,1,0,1,0,0,1,1,1,1,2,0,1,0,1,1,2,2,2,0,0,2,1,1,1,2,2,0,0,0,0,2,0,1,1,1,2,0,0,1,1,1,2,0,0,1,0,2,0,0,2,2,1,2,1,1,2,2,2,2,1,2,2,1,2,1,1,0,1,1,1,1,2,1,1,2,2,2,1,1,1,0,0,0,0,0,1,1,2,1,1,0,1,1,2,2,0,1,2,2,1,2,1,0,1,2,1,0,2,1,1,1,2,2,1,1,0,0,0,1,1,2,1,0,2,1,0,1,2,1,1,1,1,2,2,0,2,1,1,1,1,2,0,0,1,1,2,1,2,0,2,1,0,0,0,0,1,2,0,1,2,0,0,1,1,1,2,2,2,2,2,1,2,0,0,1,0,0,2,0,1,0,2,0,1,2,1,1,1,1,2,0,2,0,2,0,0,1,2,2,1,1,1,1,1,2,1,2,0,0,2,1,2,1,1,1,2,2,2,1,2,0,2,1,2,1,2,1,2,1,2,2,2,2,1,1,2,0,0,0,2,0,2,2,0,1,0,1,2,1,1,0,0,1,1,2,2,0,1,1,2,2,1,2,0,1,2,1,0,2,2,1,0,1,0,1,1,0,2,2,2,1,2,0,2,2,2,2,2,1,0,1,1,2,1,2,1,2,0,0,0,0,2,0,2,2,1,1,1,1,2,2,0,0,0,2,0,2,1,0,0,1,0,1,2,1,0,1,0,2,0,2,0,0,2,2,0,0,1,2,1,0,1,0,2,1,0,2,2,2,2,2,2,0,0,1,2,2,2,2,0,1,0,2,1,2,2,2,0,2,2,2,1,1,2,2,1,0,0,1,1,2,1,0,0,0,0,0,2,0,0,0,1,0,2,0,2,2,1,2,2,2,0,0,2,1,1,2,1,2,2,0,0,2,2,2,2,0,0,0,0,0,0,2,0,2,2,1,0,0,1,0,2,2,1,0,2,2,0,1,0,2,1,0,0,2,0,0,2,1,2,2,2,0,0,1,0,0,2,0,2,1,2,2,2,1,1,1,2,1,2,2,2,2,0,1,0,2,1,2,0,2,1,0,2,0,1,1,0,1,1,2,2,0,0,2,1,0,2,0,2,1,2,2,1,2,1,2,1,2,2,2,0,2,1,2,2,1,0,2,0,0,1,0,2,0,1,1,1,2,2,2,2,2,0,1,1,1,1,2,1,0,0,2,2,1,2,2,2,0,1,2,1,1,1,2,2,0,1,1,2,2,0,0,0,0,0,2,1,0,1,0,0,0,0,1,2,1,1,0,2,1,2,1,0,0,0,0,1,2,1,0,0,0,0,1,2,0,0,1,2,2,1,2,2,2,2,0,0,0,2,0,0,2,0,2,1,1,1,0,0,0,2,1,0,2,1,0,2,0,2,2,0,0,0,0,2,1,1,1,0,1,2,2,1,0,0,0,1,1,0,0,1,0,2,1,2,1,1,2,2,2,2,2,2,1,0,2,2,2,1,2,1,2,1,0,2,1,0,1,1,1,1,0,0,2,1,0,1,0,1,0,1,1,1,1,1,2,0,0,2,0,1,1,0,1,1,1,2,1,0,0,1,2,0,1,1,0,2,1,1,2,1,0,1,2,0,1,1,0,1,1,0,2,2,1,0,1,1,0,0,0,2,2,2,1,0,2,0,1,0,2,2,1,2,0,0,1,2,1,0,1,0,1,2,2,2,2,1,2,1,0,2,1,2,2,2,2,2,0,2,2,0,1,1,2,2,2,0,2,2,2,0,0,2,1,1,1,0,0,1,0,0,2,1,1,1,0,1,0,0,0,2,0,0,1,1,1,2,0,1,1,0,1,2,0,1,2,0,2,2,2,1,0,2,2,2,1,0,0,2,2,2,0,2,0,2,1,1,0,1,0,0,1,2,1,1,2,1,1,0,2,0,0,1,1,0,2,1,2,1,1,1,2,0,2,1,0,1,0,1,0,1,0,1,2,0,1,0,0,2,2,1,2,0,0,2,1,2,1,2,2,0,1,1,0,1,1,2,0,0,1,2,0,0,0,2,0,2,2,0,0,2,1,2,2,2,0,0,1,1,2,2,0,1,0,1,0,0,0,0,0,1,0,0,0,1,1,0,2,2,1,0,1,1,1,1,2,0,0,1,0,2,1,0,2,1,1,0,1,1,0,1,2,2,0,0,1,1,2,0,2,1,0,2,2,0,2,1,0,0,1,0,0,1,0,2,0,2,0,0,1,0,0,1,2,0,1,1,1,2,0,0,0,0,2,2,2,0,1,0,1,1,0,0,2,2,0,2,0,1,2,1,1,1,0,1,0,2,0,1,2,0,2,2,0,1,1,1,2,1,1,0,1,2,2,0,1,0,1,0,1,2,1,1,0,0,2,1,2,2,2,0,1,2,0,2,1,1,0,2,1,2,1,2,0,2,0,0,1,0,1,0,1,1,0,1,0,0,1,2,2,2,2,2,2,2,1,2,2,1,2,0,1,0,0,0,1,0,2,2,1,0,1,1,0,2,2,1,0,2,2,1,1,0,0,0,1,2,2,1,2,0,2,0,1,0,2,2,0,0,2,0,1,2,2,1,1,2,2,1,1,1,2,0,0,0,0,2,0,0,1,1,2,1,1,1,1,0,0,1,1,1,0,2,0,0,1,1,2,2,2,0,0,1,0,0,2,1,2,1,2,0,1,2,2,0,2,1,1,0,0,0,2,0,2,0,1,2,0,1,2,1,0,1,1,0,0,0,1,2,1,0,2,0,2,0,0,1,1,0,0,0,1,1,0,1,2,1,0,2,1,1,0,1,1,2,1,1,1,0,2,2,2,1,0,1,0,1,2,1,2,1,2,0,0,2,2,1,0,2,2,2,2,2,0,1,0,1,1,2,1,1,2,1,1,1,2,1,1,2,1,0,0,2,2,0,0,1,1,2,1,1,0,0,0,2,0,2,2,1,0,2,0,0,1,2,1,2,2,1,2,0,0,2,0,0,0,2,2,1,0,1,2,2,1,1,1,1,1,1,1,1,2,1,0,2,0,0,0,0,1,0,0,1,2,1,2,2,2,0,2,2,0,1,2,0,1,0,2,0,2,1,1,1,0,2,1,2,1,2,0,1,0,2,2,2,0,1,1,1,2,2,2,0,1,0,2,2,2,2,0,0,0,2,1,2,2,1,2,0,1,1,1,0,0,1,1,1,2,1,1,2,2,2,0,0,0,2,2,1,1,0,2,1,2,1,1,2,1,1,2,0,1,1,1,1,2,2,2,2,2,1,1,0,0,2,1,2,0,2,2,1,1,1,2,2,0,1,2,0,0,0,0,0,2,0,2,2,1,2,0,2,1,0,1,2,2,2,0,2,2,2,2,1,2,1,2,2,0,0,2,2,0,1,2,0,2,1,0,2,1,1,2,1,2,2,1,2,2,2,0,1,1,0,0,1,0,2,2,0,1,2,1,0,2,2,0,1,0,2,2,1,1,0,2,1,1,2,2,1,2,2,1,0,1,2,0,1,1,1,0,2,0,0,2,2,0,2,1,0,2,0,1,0,0,1,0,1,0,2,2,1,1,0,1,0,1,0,1,2,2,2,2,1,2,1,0,0,2,1,0,0,0,1,2,2,0,1,1,2,2,0,1,0,0,1,0,1,1,1,2,0,2,0,0,1,1,1,0,1,1,2,2,2,1,0,0,2,2,0,2,2,1,2,0,0,2,2,0,0,2,2,0,0,1,0,2,1,0,1,1,0,2,0,0,0,0,2,1,1,2,0,0,2,1,0,0,1,2,1,1,0,0,0,2,2,2,1,2,1,0,1,1,1,0,1,0,0,2,0,0,1,0,2,2,2,2,2,1,1,0,0,0,1,1,0,2,1,1,1,2,1,0,0,1,0,2,2,2,0,1,1,0,1,1,2,0,1,2,1,0,2,1,0,0,2,1,0,2,1,2,2,1,2,0,2,2,0,0,1,0,2,2,1,2,1,2,2,1,1,0,0,2,2,1,1,2,2,1,2,0,0,0,2,2,2,0,1,0,2,1,2,2,2,2,2,1,0,1,0,1,0,0,0,1,1,0,2,1,2,0,1,0,1,1,0,0,1,1,0,2,0,0,1,1,2,0,2,1,0,0,2,0,1,2,0,0,0,1,1,0,2,0,2,0,2,0,0,1,1,0,0,0,2,0,2,1,0,1,0,1,0,1,2,1,1,0,0,1,2,1,0,2,0,1,1,1,2,2,2,2,0,1,0,0,1,2,2,2,2,1,0,0,0,2,2,1,1,1,2,0,1,0,0,1,1,1,1,1,2,0,2,1,1,2,2,1,1,2,2,2,0,2,2,2,1,1,2,1,1,0,1,2,0,1,2,0,2,0,2,2,0,2,1,0,2,0,1,1,0,2,1,1,2,0,1,1,1,2,1,2,1,2,2,1,1,0,0,2,2,1,2,0,1,1,2,1,1,1,1,0,1,0,2,0,1,1,1,0,0,0,1,1,1,1,0,0,2,1,2,2,1,1,2,1,0,1,2,1,1,1,1,0,0,1,0,0,0,0,0,1,0,1,1,0,2,0,2,1,1,0,2,2,2,0,2,1,2,2,1,1,1,1,1,0,0,0,1,2,2,2,0,0,0,0,2,1,0,1,0,2,1,0,1,0,1,2,0,1,0,2,1,1,1,0,2,1,2,0,1,1,1,0,0,0,0,2,0,0,2,0,2,1,0,1,0,0,0,1,1,0,2,1,2,1,2,2,0,1,2,0,2,1,1,0,1,1,1,2,0,0,1,2,1,2,0,1,2,1,2,0,1,2,1,0,1,2,1,0,1,1,1,0,1,1,2,0,1,0,0,1,1,1,1,1,0,2,2,0,2,2,0,1,1,2,1,2,0,2,1,0,2,1,1,1,2,0,0,2,1,2,2,2,2,2,1,0,2,2,0,1,1,0,2,2,1,1,0,2,1,2,0,0,2,1,1,2,0,0,0,0,2,2,0,1,1,0,2,2,1,2,1,1,0,2,2,0,1,2,1,2,1,0,1,1,0,0,2,2,2,0,0,2,2,0,0,0,0,0,0,1,1,0,2,0,0,2,0,2,0,0,0,2,1,2,2,1,0,2,2,1,2,2,0,2,0,1,0,0,1,2,1,0,1,0,0,1,0,0,0,1,1,1,2,2,2,1,0,2,2,2,0,2,1,2,1,2,0,1,1,0,0,0,2,2,1,1,1,2,0,2,1,1,1,0,0,1,2,2,0,0,0,1,1,2,1,2,0,2,1,2,2] 25000000
